
        | Soldier | Archer | Knight | Beast | Mage | Monk | Devil | Angel
--------------------------------------------------------------------------
Soldier |    5    |    7   |   3    |   5   |  7   |  4   |   3   |   3 
--------------------------------------------------------------------------
Archer  |    3    |    5   |   2    |   4   |  5   |  4   |   7   |   8     
--------------------------------------------------------------------------
Knight  |    7    |    7   |   5    |   6   |  7   |  3   |   2   |   2 
--------------------------------------------------------------------------
Beast   |    5    |    6   |   4    |   5   |  6   |  5   |   4   |   4
--------------------------------------------------------------------------     
Mage    |    4    |    5   |   3    |   6   |  5   |  5   |   8   |   7 
--------------------------------------------------------------------------
Monk    |    6    |    6   |   7    |   5   |  5   |  5   |   3   |   3 
--------------------------------------------------------------------------
Devil   |    7    |    2   |   8    |   6   |  2   |  7   |   5   |   6 
--------------------------------------------------------------------------
Angel   |    7    |    3   |   8    |   6   |  3   |  7   |   4   |   5 
